disease_id	lncRNA_id
1157	17543
1158	15031 15582
1159	15911 19832
1161	15599 15599 15599 15906 16833 17007 17270 17270 17270 17270 17270 17270 17286 17286
1162	14442 16308 17142 17322 17339 17345 17416
1163	16732
1164	14918 15031 15031 15031 15041 16544 16813 17485 17620 19207
1165	16701
1166	14509 15001 15010 15031 15031 15911 15911 15911 15911 15912 16086 16435 16701 16724 17311 17340 17355 17728 17730 19173 19206 19206 19206 19819
1167	15912 15912 15912 15918 16833 17244
1169	16686
1170	15582 15910
1171	15582
1172	14929 16103
1173	14164 14167 14914 14915 14915 14915 14915 14915 14915 14915 14915 14915 14915 14915 14915 14915 14915 14915 14915 14915 14915 14915 14929 14929 14929 14929 14929 14929 15031 15031 15547 15590 15591 16271 16358 16358 16371 16668 16736 16807 17574 17587 19656
1174	16701 16833 16834 16834
1175	16898 17567 17567 17740 17741 17741
1176	15516 16141 16561 19189 19866
1177	15031 15604
1178	15582
1179	17664
1180	15911
1181	17244
1182	14166 14217 14218 14219 14220 14221 14222 14223 14225 14226 14227 14229 14230 14231 14232 14235 14236 14238 14239 14240 14241 14243 14244 14245 14247 14248 14249 14249 14250 14251 14252 14253 14254 14256 14259 14260 14261 14262 14263 14264 14266 14267 14269 14270 14271 14271 14273 14274 14275 14276 14277 14278 14281 14282 14283 14285 14286 14288 14290 14291 14292 14293 14294 14296 14297 14299 14300 14301 14302 14303 14304 14305 14306 14307 14308 14309 14310 14311 14313 14313 14314 14315 14316 14317 14319 14320 14321 14322 14323 14324 14325 14327 14328 14330 14332 14333 14335 14337 14338 14339 14342 14343 14345 14346 14347 14348 14349 14351 14353 14355 14356 14357 14359 14360 14362 14363 14364 14366 14367 14368 14369 14370 14371 14372 14373 14374 14375 14376 14377 14379 14380 14381 14382 14383 14384 14385 14386 14386 14388 14389 14391 14392 14394 14394 14395 14396 14397 14398 14400 14401 14402 14402 14403 14404 14406 14407 14408 14409 14409 14410 14412 14413 14414 14417 14418 14419 14420 14421 14422 14423 14424 14424 14425 14426 14427 14428 14429 14430 14431 14432 14433 14434 14434 14435 14436 14437 14438 14439 14440 14441 14444 14445 14447 14448 14449 14450 14451 14452 14453 14454 14455 14456 14457 14458 14461 14465 14466 14467 14468 14469 14470 14471 14472 14473 14474 14475 14476 14477 14478 14480 14481 14482 14483 14484 14486 14488 14489 14491 14492 14493 14494 14495 14497 14498 14502 14503 14504 14507 14508 14510 14511 14511 14512 14513 14514 14515 14516 14517 14518 14519 14521 14522 14524 14528 14529 14530 14531 14532 14533 14534 14535 14536 14537 14538 14539 14540 14541 14543 14544 14546 14547 14548 14551 14551 14552 14553 14554 14555 14556 14557 14558 14559 14560 14561 14562 14563 14564 14565 14566 14567 14568 14569 14570 14573 14574 14578 14579 14581 14583 14585 14586 14587 14588 14589 14590 14591 14592 14593 14594 14595 14596 14597 14599 14600 14601 14602 14603 14604 14605 14606 14607 14610 14611 14612 14614 14615 14616 14617 14618 14620 14620 14621 14622 14624 14625 14626 14627 14628 14629 14630 14631 14632 14633 14634 14635 14636 14644 14645 14646 14647 14648 14651 14661 14665 14666 14669 14670 14671 14673 14674 14675 14676 14677 14678 14680 14681 14682 14683 14683 14684 14685 14686 14689 14690 14691 14692 14693 14695 14696 14697 14698 14700 14701 14702 14703 14704 14705 14708 14709 14710 14711 14712 14716 14717 14718 14720 14721 14722 14723 14724 14725 14726 14727 14728 14729 14730 14730 14731 14732 14733 14734 14735 14736 14737 14738 14739 14740 14741 14742 14743 14744 14745 14746 14748 14749 14750 14751 14752 14755 14757 14758 14761 14762 14763 14764 14765 14766 14767 14768 14770 14771 14772 14773 14774 14775 14776 14776 14777 14779 14780 14781 14782 14783 14784 14785 14789 14790 14791 14792 14794 14795 14796 14797 14798 14800 14801 14802 14804 14805 14806 14807 14808 14809 14810 14811 14812 14813 14814 14815 14816 14817 14818 14819 14820 14821 14822 14823 14824 14825 14826 14827 14828 14829 14830 14831 14833 14834 14835 14837 14838 14839 14840 14841 14848 14852 14853 14854 14855 14857 14858 14860 14861 14862 14863 14864 14865 14868 14870 14871 14872 14873 14873 14874 14875 14876 14877 14878 14879 14882 14894 14900 14904 14905 14912 14913 14913 14921 14925 14929 14942 14950 14957 14958 14959 14961 14968 14971 14976 14977 14978 14982 14985 14986 14989 14992 14992 15007 15008 15009 15010 15017 15023 15031 15054 15068 15069 15073 15075 15078 15083 15110 15117 15118 15121 15125 15127 15130 15136 15138 15142 15143 15144 15146 15148 15149 15152 15155 15157 15157 15159 15162 15168 15169 15183 15188 15189 15198 15213 15215 15216 15217 15218 15222 15224 15225 15226 15227 15228 15229 15230 15231 15232 15235 15236 15237 15238 15241 15242 15244 15245 15247 15248 15249 15250 15251 15252 15253 15254 15256 15258 15259 15261 15262 15263 15264 15265 15266 15267 15268 15270 15271 15272 15273 15274 15275 15276 15277 15278 15279 15281 15283 15286 15287 15288 15289 15290 15293 15294 15295 15296 15297 15299 15301 15302 15303 15304 15305 15306 15307 15308 15309 15310 15311 15312 15313 15314 15315 15316 15317 15318 15319 15320 15321 15323 15324 15327 15328 15332 15333 15334 15335 15337 15342 15343 15347 15348 15349 15350 15351 15353 15370 15384 15385 15386 15387 15388 15389 15390 15391 15392 15393 15394 15395 15396 15397 15398 15399 15400 15401 15402 15403 15404 15405 15406 15407 15408 15409 15410 15411 15412 15413 15414 15415 15416 15417 15418 15419 15420 15421 15422 15423 15424 15425 15426 15427 15428 15429 15430 15431 15432 15433 15434 15435 15436 15437 15438 15439 15440 15441 15442 15443 15444 15446 15448 15454 15455 15458 15459 15461 15463 15465 15466 15467 15468 15477 15484 15486 15491 15496 15499 15507 15510 15511 15519 15524 15525 15530 15532 15535 15538 15541 15543 15546 15556 15558 15558 15560 15562 15574 15582 15583 15584 15590 15590 15591 15594 15594 15595 15596 15597 15598 15600 15611 15612 15613 15614 15615 15616 15617 15618 15619 15620 15621 15622 15623 15624 15625 15626 15627 15628 15629 15630 15631 15632 15633 15634 15635 15636 15637 15638 15639 15640 15641 15642 15643 15644 15645 15646 15647 15648 15649 15650 15651 15652 15653 15654 15655 15656 15657 15658 15659 15660 15661 15662 15663 15664 15665 15666 15667 15668 15669 15670 15671 15672 15673 15674 15675 15676 15677 15678 15679 15680 15681 15682 15683 15684 15685 15686 15687 15688 15689 15690 15691 15692 15693 15694 15695 15696 15697 15698 15699 15700 15701 15702 15703 15704 15705 15706 15707 15708 15709 15710 15711 15712 15713 15714 15715 15716 15717 15718 15719 15720 15721 15722 15723 15724 15725 15726 15727 15728 15729 15730 15731 15732 15733 15734 15735 15736 15737 15738 15739 15740 15741 15742 15743 15744 15745 15746 15747 15748 15749 15750 15751 15752 15753 15754 15755 15756 15757 15758 15759 15760 15761 15762 15763 15764 15765 15766 15767 15768 15769 15770 15771 15772 15773 15774 15775 15776 15777 15778 15779 15780 15781 15782 15783 15784 15785 15786 15787 15788 15789 15790 15791 15792 15793 15794 15795 15796 15797 15798 15799 15800 15801 15802 15803 15804 15805 15806 15807 15808 15809 15810 15811 15812 15813 15814 15815 15816 15817 15818 15819 15820 15821 15822 15823 15824 15825 15826 15827 15828 15829 15830 15831 15832 15833 15834 15835 15836 15837 15838 15839 15840 15841 15842 15843 15844 15845 15846 15847 15848 15849 15850 15851 15852 15853 15854 15855 15856 15857 15858 15859 15860 15861 15862 15863 15864 15865 15866 15867 15868 15869 15870 15871 15872 15873 15874 15875 15876 15877 15878 15879 15880 15881 15882 15883 15884 15885 15886 15887 15888 15889 15890 15891 15892 15893 15894 15895 15896 15897 15898 15899 15900 15901 15902 15903 15904 15910 15911 15912 15916 15919 15937 15938 15938 15939 15942 15950 15951 15952 16091 16093 16096 16104 16107 16108 16109 16113 16119 16120 16126 16129 16131 16134 16135 16136 16137 16140 16146 16149 16151 16157 16160 16162 16163 16170 16175 16177 16179 16181 16182 16183 16184 16186 16191 16195 16199 16204 16205 16206 16208 16214 16215 16216 16224 16227 16228 16230 16235 16238 16239 16240 16241 16242 16245 16246 16247 16250 16251 16253 16254 16266 16267 16269 16274 16274 16276 16280 16281 16283 16285 16286 16290 16291 16292 16293 16294 16296 16297 16301 16305 16306 16307 16310 16313 16314 16315 16317 16320 16321 16322 16324 16327 16328 16330 16332 16337 16338 16341 16342 16343 16344 16353 16355 16360 16361 16364 16365 16366 16370 16371 16372 16373 16375 16377 16379 16382 16384 16385 16387 16388 16389 16392 16393 16394 16402 16403 16405 16406 16407 16409 16410 16412 16413 16414 16415 16416 16417 16419 16420 16421 16422 16424 16425 16428 16429 16430 16431 16432 16466 16468 16471 16612 16653 16655 16666 16669 16671 16701 16715 16721 16723 16728 16730 16737 16739 16741 16744 16745 16746 16747 16752 16756 16759 16761 16763 16764 16765 16765 16773 16776 16779 16780 16792 16801 16812 16814 16815 16816 16817 16820 16828 16831 16833 16833 16835 16837 16839 16842 16895 16899 16903 16904 16905 16906 16907 16909 16910 16911 16912 16913 16914 16915 16916 16917 16918 16919 16920 16921 16922 16923 16924 16926 16927 16928 16929 16930 16931 16932 16933 16935 16936 16937 16938 16939 16940 16941 16942 16943 16944 16945 16946 16947 16948 16949 16950 16951 16952 16953 16954 16955 16956 16957 16958 16959 16960 16961 16963 16965 16966 16967 16968 16969 16970 16971 16972 16973 16975 16976 16977 16978 16979 16980 16981 16982 16983 16984 16985 16986 16987 16988 16989 16991 16992 16993 16994 16996 16997 16998 16999 17000 17001 17003 17011 17013 17014 17101 17102 17108 17109 17111 17121 17130 17133 17144 17145 17162 17178 17181 17185 17187 17191 17201 17222 17224 17227 17230 17241 17242 17244 17247 17249 17251 17254 17255 17255 17257 17263 17263 17271 17272 17273 17274 17275 17276 17277 17278 17279 17280 17281 17282 17283 17284 17291 17293 17295 17296 17299 17302 17303 17304 17305 17306 17307 17308 17309 17310 17486 17489 17495 17497 17499 17500 17501 17508 17509 17512 17514 17515 17519 17522 17524 17526 17526 17531 17532 17536 17547 17551 17552 17553 17554 17554 17560 17561 17563 17563 17564 17566 17571 17575 17575 17576 17577 17578 17581 17586 17587 17595 17599 17602 17606 17613 17621 17625 17630 17665 17667 17673 17681 17683 17686 17687 17688 17689 17690 17692 17696 17700 17702 17704 17711 17711 17716 17720 17721 17729 17730 17733 17735 17737 17738 17742 17743 17744 17745 17746 17747 17748 17749 17750 17751 17752 17753 17754 17757 17758 17760 17761 17763 17764 17765 17766 17767 17768 17769 17771 17772 17773 17774 17775 17776 17777 17778 17779 17780 17781 17782 17783 17784 17785 17786 17787 17788 17790 17791 17792 17796 17797 17799 17807 17809 17811 17812 17814 17816 17817 17818 17819 17820 17821 17822 17823 17825 17826 17828 17829 17830 17832 17833 17835 17839 17841 17842 17843 17844 17845 17846 17847 17848 17850 17851 17852 17853 17854 17855 17856 17857 17858 17859 17860 17861 17862 17863 17864 17865 17866 17867 17868 17869 17870 17871 17872 17873 17874 17875 17876 17877 17878 17879 17880 17881 17882 17883 17884 17885 17886 17887 17888 17889 17890 17891 17892 17893 17894 17895 17896 17897 17898 17900 17901 17902 17903 17904 17905 17906 17907 17908 17909 17910 17911 17912 17913 17914 17915 17916 17917 17918 17919 17920 17921 17922 17923 17924 17925 17926 17927 17929 17930 17931 17932 17933 17934 17935 17936 17937 17939 17941 17942 17943 17944 17945 17946 17948 17949 17950 17951 17952 17953 17954 17955 17956 17957 17958 17959 17960 17961 17962 17963 17964 17965 17966 17967 17968 17969 17970 17971 17972 17973 17974 17975 17976 17977 17978 17979 17980 17981 17982 17983 17984 17985 17986 17987 17988 17990 17991 17992 17993 17994 17995 17996 17997 17998 17999 18000 18001 18002 18003 18004 18005 18006 18007 18008 18009 18010 18011 18012 18013 18014 18015 18016 18017 18018 18019 18020 18021 18022 18023 18024 18025 18026 18027 18028 18029 18030 18031 18032 18033 18035 18036 18037 18038 18039 18040 18041 18042 18043 18044 18045 18047 18048 18049 18050 18051 18052 18053 18054 18055 18056 18057 18058 18059 18060 18061 18062 18063 18064 18065 18066 18067 18068 18069 18070 18071 18072 18073 18074 18075 18077 18078 18079 18080 18081 18082 18083 18084 18085 18086 18087 18088 18089 18090 18091 18092 18093 18094 18095 18096 18097 18098 18099 18100 18101 18102 18103 18104 18105 18106 18108 18109 18110 18111 18112 18113 18114 18115 18116 18117 18118 18119 18120 18121 18122 18123 18124 18125 18126 18127 18128 18129 18130 18131 18132 18133 18134 18135 18136 18137 18138 18139 18140 18141 18142 18143 18144 18145 18146 18148 18149 18150 18151 18152 18153 18154 18155 18156 18157 18158 18159 18160 18161 18163 18164 18165 18166 18167 18168 18169 18170 18171 18172 18173 18174 18175 18176 18177 18178 18179 18180 18181 18182 18183 18184 18185 18186 18187 18188 18189 18190 18191 18192 18193 18194 18195 18196 18197 18198 18199 18200 18201 18202 18204 18205 18206 18207 18208 18209 18210 18211 18212 18213 18214 18215 18216 18217 18218 18219 18221 18222 18223 18224 18225 18226 18227 18228 18229 18230 18231 18232 18233 18234 18235 18236 18237 18238 18239 18240 18241 18242 18243 18244 18245 18246 18247 18248 18249 18250 18251 18252 18253 18254 18255 18256 18259 18260 18261 18262 18263 18264 18265 18266 18267 18268 18269 18270 18271 18272 18273 18274 18275 18276 18277 18278 18279 18280 18281 18282 18283 18284 18285 18286 18287 18288 18289 18290 18291 18292 18293 18294 18295 18296 18297 18298 18299 18300 18301 18302 18303 18304 18305 18306 18307 18308 18309 18310 18311 18312 18313 18314 18315 18317 18318 18319 18320 18321 18322 18323 18324 18325 18326 18327 18328 18329 18330 18331 18332 18333 18334 18335 18336 18337 18338 18339 18340 18341 18342 18343 18344 18345 18346 18347 18348 18349 18350 18351 18352 18353 18354 18355 18356 18357 18358 18359 18360 18361 18362 18363 18364 18365 18366 18367 18368 18369 18370 18371 18372 18373 18374 18375 18376 18377 18378 18379 18381 18382 18383 18384 18385 18386 18387 18388 18389 18390 18391 18392 18393 18394 18395 18396 18397 18398 18399 18400 18401 18402 18403 18404 18405 18406 18407 18408 18410 18411 18412 18413 18414 18415 18416 18417 18418 18419 18420 18421 18422 18423 18424 18425 18426 18427 18428 18429 18430 18431 18432 18433 18434 18435 18436 18437 18438 18439 18440 18441 18442 18443 18444 18446 18447 18448 18449 18450 18451 18452 18453 18454 18455 18456 18457 18458 18459 18460 18461 18462 18464 18465 18466 18467 18469 18470 18471 18472 18473 18474 18475 18476 18477 18478 18479 18480 18481 18482 18483 18484 18485 18486 18487 18488 18489 18490 18491 18492 18493 18494 18495 18496 18497 18498 18499 18500 18501 18502 18503 18504 18505 18506 18507 18508 18509 18510 18511 18512 18513 18514 18515 18516 18517 18518 18519 18520 18521 18522 18523 18524 18525 18527 18528 18529 18530 18531 18532 18533 18534 18535 18536 18537 18538 18539 18540 18541 18542 18543 18543 18544 18545 18546 18547 18548 18549 18550 18552 18553 18555 18556 18557 18558 18560 18561 18562 18563 18564 18565 18566 18567 18568 18569 18570 18571 18572 18573 18574 18575 18576 18577 18578 18579 18580 18581 18582 18583 18584 18585 18586 18587 18588 18589 18590 18591 18592 18593 18594 18595 18596 18597 18598 18599 18600 18601 18602 18603 18604 18605 18606 18607 18608 18609 18610 18611 18612 18613 18614 18615 18616 18617 18618 18619 18620 18621 18623 18624 18625 18626 18627 18628 18629 18630 18631 18632 18633 18634 18635 18636 18637 18638 18639 18640 18641 18642 18643 18644 18645 18646 18647 18648 18649 18650 18651 18652 18653 18654 18655 18656 18657 18658 18659 18660 18661 18662 18663 18664 18665 18666 18667 18668 18669 18670 18671 18672 18673 18674 18675 18676 18677 18678 18679 18680 18681 18682 18683 18684 18685 18686 18687 18688 18689 18690 18691 18692 18693 18694 18695 18696 18697 18698 18699 18700 18701 18702 18703 18704 18705 18706 18707 18708 18709 18710 18711 18712 18713 18714 18715 18716 18717 18718 18719 18720 18721 18722 18723 18724 18725 18726 18727 18728 18729 18730 18731 18732 18733 18734 18735 18736 18737 18738 18739 18740 18741 18742 18743 18744 18745 18746 18747 18748 18749 18750 18751 18752 18753 18754 18755 18756 18757 18758 18759 18760 18761 18762 18763 18764 18765 18766 18767 18768 18769 18770 18771 18772 18773 18774 18775 18776 18777 18778 18779 18780 18781 18782 18783 18784 18785 18786 18787 18788 18789 18790 18791 18792 18793 18794 18795 18796 18797 18798 18799 18800 18801 18802 18803 18804 18805 18806 18807 18808 18809 18810 18811 18812 18813 18814 18815 18816 18817 18818 18819 18820 18821 18822 18823 18824 18825 18826 18827 18828 18829 18830 18831 18832 18833 18834 18835 18836 18837 18838 18839 18840 18841 18842 18843 18844 18845 18846 18847 18848 18849 18850 18851 18852 18853 18854 18855 18856 18857 18858 18859 18860 18861 18862 18863 18864 18865 18866 18867 18868 18869 18870 18871 18872 18873 18874 18875 18876 18877 18878 18879 18880 18881 18882 18883 18884 18885 18886 18887 18888 18889 18890 18891 18892 18893 18894 18895 18896 18897 18898 18899 18900 18901 18902 18903 18904 18905 18906 18907 18908 18909 18910 18911 18912 18913 18914 18915 18916 18917 18918 18919 18920 18921 18922 18923 18924 18925 18926 18927 18928 18929 18930 18931 18932 18933 18934 18935 18936 18937 18938 18939 18940 18941 18942 18943 18944 18945 18946 18947 18948 18949 18950 18951 18952 18953 18954 18955 18956 18957 18958 18959 18960 18961 18962 18963 18964 18965 18966 18967 18968 18969 18970 18971 18972 18973 18974 18975 18976 18977 18978 18979 18980 18981 18982 18983 18984 18985 18986 18987 18988 18989 18990 18991 18992 18993 18994 18995 18996 18997 18998 18999 19000 19001 19002 19003 19004 19005 19006 19007 19008 19009 19010 19011 19012 19013 19014 19015 19016 19017 19018 19019 19020 19021 19022 19023 19024 19025 19026 19027 19028 19029 19030 19031 19032 19033 19034 19035 19036 19037 19038 19039 19040 19041 19044 19045 19046 19047 19048 19050 19052 19054 19055 19056 19057 19058 19059 19060 19063 19065 19066 19067 19068 19070 19071 19072 19073 19074 19075 19076 19077 19078 19079 19080 19081 19082 19082 19083 19084 19085 19086 19087 19088 19089 19090 19091 19092 19093 19094 19095 19096 19097 19099 19100 19102 19103 19104 19105 19105 19106 19107 19108 19109 19110 19111 19113 19114 19115 19116 19117 19119 19120 19121 19122 19123 19124 19126 19127 19128 19129 19132 19132 19133 19134 19135 19136 19137 19138 19139 19140 19141 19142 19143 19145 19146 19147 19148 19150 19152 19153 19154 19155 19156 19157 19158 19159 19160 19161 19162 19163 19164 19164 19167 19168 19169 19171 19172 19173 19177 19182 19188 19190 19191 19193 19194 19200 19202 19208 19209 19210 19211 19212 19213 19214 19215 19216 19217 19219 19220 19221 19222 19223 19224 19226 19227 19228 19229 19230 19231 19232 19233 19234 19235 19241 19243 19244 19245 19246 19247 19248 19249 19250 19251 19252 19253 19254 19255 19256 19257 19258 19261 19262 19264 19265 19266 19267 19268 19269 19270 19271 19272 19273 19274 19275 19276 19277 19278 19279 19280 19283 19284 19286 19287 19288 19289 19291 19292 19293 19294 19295 19296 19297 19298 19299 19300 19301 19302 19303 19304 19305 19306 19307 19308 19309 19310 19311 19312 19313 19315 19316 19318 19319 19322 19324 19325 19326 19327 19328 19329 19330 19331 19332 19333 19334 19335 19336 19337 19338 19340 19341 19342 19343 19344 19345 19346 19347 19348 19350 19351 19352 19353 19354 19355 19356 19357 19358 19359 19360 19361 19362 19363 19364 19365 19366 19367 19368 19369 19370 19371 19372 19373 19374 19375 19376 19377 19378 19380 19381 19382 19383 19384 19385 19386 19387 19388 19389 19390 19391 19392 19393 19394 19395 19397 19398 19399 19400 19401 19402 19403 19405 19406 19407 19408 19409 19410 19412 19413 19414 19415 19416 19417 19418 19419 19420 19421 19422 19423 19424 19425 19426 19427 19428 19429 19430 19431 19432 19433 19434 19435 19436 19437 19438 19439 19440 19443 19444 19445 19446 19447 19448 19449 19450 19452 19453 19454 19455 19456 19457 19458 19459 19462 19463 19464 19465 19466 19467 19468 19469 19470 19471 19473 19474 19475 19476 19477 19478 19479 19480 19481 19482 19483 19485 19486 19487 19488 19489 19490 19492 19493 19494 19495 19496 19497 19498 19499 19500 19501 19502 19503 19504 19505 19506 19507 19508 19509 19510 19512 19513 19514 19515 19516 19517 19518 19519 19520 19521 19522 19524 19525 19527 19528 19529 19530 19531 19532 19533 19534 19536 19537 19538 19539 19541 19542 19543 19544 19545 19546 19547 19548 19549 19550 19551 19552 19553 19554 19555 19556 19557 19558 19559 19560 19561 19562 19563 19564 19565 19566 19568 19569 19570 19571 19572 19573 19574 19575 19576 19578 19579 19581 19582 19583 19584 19587 19588 19589 19590 19591 19592 19593 19595 19596 19597 19598 19599 19601 19603 19604 19605 19606 19607 19608 19609 19610 19611 19612 19613 19614 19615 19616 19617 19618 19619 19620 19622 19623 19624 19625 19626 19627 19628 19629 19630 19631 19632 19633 19634 19636 19638 19640 19641 19642 19643 19644 19645 19646 19647 19649 19651 19652 19653 19654 19655 19657 19659 19660 19662 19663 19664 19665 19666 19667 19668 19669 19671 19672 19673 19674 19675 19676 19677 19678 19679 19680 19681 19682 19683 19684 19685 19686 19687 19688 19689 19690 19691 19692 19694 19695 19696 19697 19699 19700 19701 19702 19703 19704 19706 19707 19708 19710 19711 19712 19713 19714 19717 19718 19719 19721 19722 19723 19724 19725 19726 19728 19729 19730 19731 19732 19733 19734 19735 19737 19738 19739 19740 19741 19742 19743 19744 19745 19746 19747 19748 19749 19750 19752 19753 19754 19755 19756 19757 19758 19760 19761 19762 19764 19765 19766 19767 19768 19769 19770 19771 19772 19773 19774 19775 19776 19777 19778 19779 19780 19781 19782 19783 19784 19785 19786 19787 19788 19789 19790 19791 19792 19793 19794 19795 19796 19797 19798 19799 19800 19801 19802 19803 19804 19805 19807 19808 19810 19811 19812 19813 19814 19816 19830 19834 19836 19839 19841 19842 19843 19843 19844 19846 19848 19850 19853 19854 19858 19860 19868 19870 19871 19875
1183	15476
1184	14786 15031 15031 15031 15031 15031 15031 15031 15031 15031 15031 15031 15031 15367 15582 15582 15921 15929 17423 17465 17700 17728
1185	17294
1186	16867 16878 17632 17633
1187	15911
1188	15152 15152 15152 15152 16782
1189	15937
1190	16891
1191	14907 17498
1192	14986 15031 15031 15031
1193	15530 15911 15911 16701 16701 17244 17700 17728 17728
1194	15582 15582 15582 15582 15582 15582 15938 16104 16104 16104 16104 16104 16104 16104 16104 16104 16104 16104
1195	15128 15152 15152 15152 15152
1196	19173
1197	14211 14212 14215 14920 14939 14939 14946 14963 14977 14994 15003 15007 15011 15031 15031 15173 15530 15530 15550 15582 15582 15582 15582 15582 15582 15582 15582 15582 15582 15582 15582 15582 15582 15582 15582 15582 15582 15582 15582 15582 15582 15586 15605 15911 15911 15911 15911 16117 16164 16172 16173 16256 16316 16509 16516 16557 16557 16577 16581 16652 16701 16701 16701 16701 16701 16701 16701 16701 16701 16701 16719 16724 16724 16724 16724 16724 16724 16753 16847 16850 16853 16856 17135 17151 17151 17155 17244 17300 17301 17364 17505 17569 17569 17594 17594 17616 17681 17698 17726 17728 17728 17728 17728 17728 17728 17728 17728 17728 17728 17728 19173 19173 19173 19173 19173 19173 19173 19173 19173 19173 19173 19173 19173 19173 19173 19173 19173 19173 19173 19173 19173 19173 19173 19173 19173 19173 19207 19848 19850
1198	14901 14994 15488 15499 15499 15530 15582 15582 15582 15910 15910 15911 15929 16172 16566 16701 16896 17151 17576 17728 19173 19174 19207 19851 19851
1199	15530
1200	14212 14991 15080 15530 15911 15911 16701 16701 16701 16724 17244 17728 17728
1201	14944 17186
1202	15127
1203	17238
1204	15127
1205	15173 17155 17702 17702 17702
1206	14960
1207	15582
1208	14168 14287 14500 14500 14500 14545 14545 14643 14687 14753 14886 14901 14924 14924 14924 14924 14924 14924 14924 14929 14929 14929 14929 14940 14989 14990 14997 15001 15003 15003 15003 15003 15003 15003 15003 15003 15010 15025 15027 15031 15031 15031 15031 15031 15031 15031 15031 15031 15031 15031 15031 15051 15079 15080 15080 15097 15121 15127 15150 15154 15171 15173 15174 15174 15174 15185 15190 15338 15373 15379 15485 15497 15498 15530 15530 15530 15530 15530 15530 15530 15530 15530 15530 15530 15530 15530 15582 15582 15582 15582 15582 15582 15582 15582 15582 15582 15582 15582 15582 15582 15582 15582 15582 15582 15582 15582 15582 15582 15603 15605 15605 15908 15911 15911 15911 15911 15911 15911 15911 15911 15911 15911 15911 15911 15911 15911 15911 15911 15911 15911 15911 15911 15911 15911 15911 15911 15911 15911 15911 15911 15911 15911 15911 15911 15911 15911 15911 15911 15911 15911 15911 15911 15911 15911 15911 15911 15911 15911 15911 15911 15911 15911 15911 15911 15911 15911 15911 15913 15913 15916 15916 15918 15918 15943 16086 16090 16092 16097 16101 16104 16104 16111 16116 16121 16143 16147 16170 16183 16183 16183 16187 16189 16201 16201 16210 16213 16243 16263 16268 16274 16284 16305 16326 16363 16397 16399 16439 16445 16446 16447 16448 16464 16464 16464 16464 16464 16464 16465 16465 16527 16562 16564 16567 16571 16592 16651 16651 16651 16673 16674 16675 16676 16677 16678 16679 16680 16681 16682 16683 16700 16701 16701 16701 16701 16701 16701 16701 16701 16701 16701 16701 16701 16701 16701 16701 16701 16701 16701 16701 16701 16701 16701 16701 16701 16701 16701 16701 16701 16701 16701 16701 16706 16724 16724 16724 16724 16724 16724 16724 16729 16736 16748 16775 16783 16794 16815 16827 16833 16833 16833 16833 16833 16833 16840 16843 16851 16864 16869 16896 17104 17135 17143 17146 17147 17148 17149 17150 17167 17185 17188 17208 17214 17237 17237 17237 17241 17244 17244 17244 17244 17244 17256 17269 17313 17336 17344 17346 17362 17365 17377 17393 17402 17417 17440 17442 17452 17453 17454 17463 17549 17561 17561 17568 17569 17569 17578 17587 17587 17587 17587 17587 17594 17597 17597 17597 17597 17597 17597 17597 17597 17597 17597 17597 17597 17603 17613 17699 17700 17702 17728 17728 17728 17729 17734 17756 17804 17834 19069 19170 19173 19173 19173 19173 19173 19173 19173 19173 19173 19173 19173 19206 19207 19207 19207 19207 19207 19207 19207 19207 19281 19833 19833 19840 19851 19851 19851 19872
1209	15605
1210	19151
1211	16740 16833 17244 17700
1212	16701 17728
1213	14166 14228 14525 14649 14649 14649 14929 14939 14943 14989 15001 15001 15003 15003 15003 15013 15031 15031 15031 15031 15031 15031 15031 15031 15031 15031 15038 15121 15121 15176 15372 15447 15530 15530 15530 15530 15530 15575 15576 15582 15582 15582 15582 15582 15582 15582 15582 15582 15582 15582 15907 15911 15911 15911 15911 15911 15911 15911 15911 15911 15911 15911 15911 15911 15911 15911 15911 15911 15911 15911 15913 15916 15929 15929 15929 15929 16094 16114 16150 16193 16237 16272 16460 16636 16701 16701 16701 16701 16701 16701 16701 16701 16701 16701 16701 16701 16701 16701 16724 16724 16724 16724 16736 16745 16786 16786 16817 16817 16833 16901 16901 17135 17137 17151 17151 17164 17237 17237 17237 17244 17244 17244 17244 17244 17244 17320 17383 17480 17585 17587 17594 17594 17622 17626 17627 17628 17701 17728 17728 17728 19173 19173 19173 19173 19205 19205 19207 19207 19207 19207 19207 19851 19851
1214	14999
1215	19851
1216	15582
1217	15007 15055 15060 16699 17244 17270 17270 17536
1218	15522
1219	15582
1220	17597
1221	15031
1222	15031 15031 15031 15031 15031 15604 16900
1223	15031
1224	17268 17290
1225	15586 15586 16751
1226	16479
1227	15582 15590 17587
1228	15911 16724
1230	14166 14289 14399 14895 14924 14924 14929 14929 14930 14939 15001 15001 15003 15011 15011 15011 15013 15031 15031 15031 15031 15031 15080 15197 15325 15356 15445 15530 15530 15530 15530 15530 15536 15582 15582 15586 15911 15911 15911 15911 15911 15911 15911 15911 15911 15911 15911 15911 15911 15911 15911 15911 15911 15911 15911 15911 15911 15911 15911 15916 15924 15929 16279 16465 16600 16651 16701 16701 16701 16701 16701 16701 16701 16701 16701 16701 16701 16701 16701 16701 16701 16724 16724 16724 16724 16724 16724 16724 16742 16766 16832 16833 16843 16901 17135 17141 17151 17244 17244 17244 17244 17244 17244 17300 17301 17484 17531 17566 17569 17594 17596 17608 17618 17674 17675 17676 17677 17678 17679 17693 17700 17728 17728 17731 19173 19173 19173 19173 19411 19491 19491 19580 19661 19759 19759 19872 19875
1231	14917 15094 15100 15949 16287 17314 17321 17326 17338 17384 17404 17408 17430 17445 17516 19207
1232	15916
1233	14623 14994 15085 16098 16532 17141 17324 17337 17409 17415
1234	15080
1235	14649 15003 15339 15363 15582 15929 16701 16701 16833 16833 17135 17151 17587 17594 17728 19173
1236	15582
1237	14924 14924
1238	16651
1239	15582 15582 16211 16701 16761
1240	14945 14958 15072 16169 16237 17578 17691
1241	16617 16618 16619 16890 16892 16893 16894
1242	17728
1243	14340 15080 15154 15154 15154 15155 15155 15155 15155 15155 15540 16736 16744 16833 17700 17700 17706 17755 17770 17836
1244	14937 15582 15582 15911 15929 16724 19173
1245	14279 15479 16154 16642 16654 16659 16724 17576 17681 17728 19118
1246	16891
1247	14642 16685 17244 17244 17244
1248	17244
1249	19207
1250	15102 17577
1251	14850 14915 14924 14929 15001 15001 15001 15001 15003 15003 15121 15124 15480 15570 15582 15582 15582 15582 15582 15582 15582 15582 15582 15910 15911 15911 15911 15911 15920 16156 16217 16351 16460 16464 16487 16564 16701 16701 16701 16701 16724 17216 17244 17257 17561 17701 17728 19173 19180 19207
1252	15582 17237 17300 17301 17756 17804 17838 19170 19173 19173
1253	19847 19851
1254	14168 14378 14383 14459 14490 14500 14500 14598 14649 14649 14719 14822 14920 14920 14920 14920 14924 14939 14939 14939 14947 14978 14985 14988 14989 14989 14993 14994 14999 15000 15001 15001 15001 15001 15001 15001 15001 15001 15002 15003 15003 15003 15004 15005 15006 15031 15031 15031 15069 15069 15080 15080 15080 15080 15080 15080 15080 15080 15080 15081 15121 15121 15121 15127 15147 15153 15156 15161 15171 15178 15180 15191 15255 15300 15477 15481 15487 15506 15522 15525 15529 15529 15530 15530 15530 15530 15530 15530 15530 15530 15530 15530 15550 15550 15559 15582 15582 15582 15582 15582 15582 15582 15582 15582 15582 15601 15608 15910 15911 15911 15911 15911 15911 15911 15911 15911 15911 15911 15911 15911 15911 15911 15911 15911 15912 15913 15913 15913 15913 15913 15916 15916 15918 15918 15918 15920 15929 15929 15929 15929 16104 16104 16104 16104 16104 16129 16180 16183 16193 16225 16233 16257 16287 16287 16311 16316 16339 16359 16395 16404 16426 16442 16464 16464 16473 16533 16558 16559 16559 16563 16564 16564 16565 16565 16570 16580 16580 16591 16591 16607 16607 16614 16629 16629 16638 16651 16651 16697 16701 16701 16701 16701 16701 16701 16701 16701 16701 16701 16701 16701 16701 16705 16724 16724 16724 16724 16775 16825 16828 16833 16833 16833 16833 16843 16870 16896 16901 16901 16925 17135 17135 17151 17151 17151 17184 17184 17206 17222 17222 17243 17244 17244 17244 17244 17244 17244 17244 17250 17325 17329 17356 17370 17370 17370 17373 17378 17390 17412 17419 17420 17425 17426 17427 17450 17475 17475 17496 17496 17511 17532 17532 17563 17566 17569 17569 17569 17569 17570 17572 17574 17574 17576 17577 17586 17587 17591 17594 17594 17594 17594 17667 17681 17700 17700 17728 17728 17728 17728 17730 17730 17730 17730 17730 17755 17770 17794 17815 17815 17836 17837 19125 19173 19173 19173 19173 19173 19175 19175 19178 19193 19207 19207 19207 19207 19225 19225 19511 19511 19661 19751 19827 19837 19848 19848 19848 19851 19851 19851 19871
1255	15474 15604 15910 17563
1256	15181
1257	15582
1258	16701
1259	14500 15031 15911 17730
1260	15028 15030 15031 15031 15031 15031 15031 15031 15031 15031 15031 15031 15031 15031 15031 15031 15031 15031 15031 15031 15031 15031 15031 15036 15336 15530 15582 15582 15582 15913 15938 16519 16531 16546 17107 17583 19705 19806
1261	14490
1262	15911
1263	14936
1264	16701
1265	19207
1266	16833
1267	14931 15152
1268	17286
1269	16161
1270	15031 15031 15031 15031 16202 16701 16701 16724 16724 16891 17244 17728
1271	15582 16701
1272	15119 16541 16701 16701 16701 16891 17244 17244 17244 17571 17577
1273	16736
1274	15082 15092 15911 15929 16634 16686 16745 16772 17135 17173 17347 17365 17491
1275	17363
1276	15143 15143
1277	14906 16736 17399 17597 19815
1278	17007 17007
1279	14892 15132 16231 16231 16231 16441 16474 16475 16476 16477 16478 16480 16481 16482 16483 16484 16485 16486 16488 16489 16490 16491 16492 16493 16494 16495 16496 16497 16498 16499 16500 16501 16502 16503 16540 16687 16821 16822 16823 16824
1280	17666 19205
1281	14214 14220 14295 14312 14446 14688 14694 14706 14931 15513 15514 15515 16172 16207 16215 16846 16849 16852 16859 16862 16863 16865 16866 16868 16870 16872 16874 16875 16877 16879 16880 16882 16887 16888 17532 17652 17659 19061 19195 19670
1282	17471
1283	17579
1284	15911
1285	15381 15582
1286	17180
1287	16701
1288	14847 14989 15001 15464 15480 15582 15582 15582 15582 15911 15911 15911 15911 15911 15911 16106 16122 16198 16352 16391 16464 16724 16833 17237 17371 17407 17492 17728 17728 17728 19173
1289	14341 15530 15588 15588 15911 15911 15911 16222 16724 17566 17663 17730 18147 18526 19043 19875
1290	16701
1291	14165 15031 15031 15031 15031 15582 17287 19204
1292	14224 14859 17455 17466
1293	14920
1294	15911
1296	14929 14995 15031 15103 15530 15569 15582 15582 15582 15582 15911 15911 15929 16104 16150 16174 16349 16396 16701 16701 16701 16724 17151 17173 17198 17233 17244 17360 17418 17447 19173 19173 19847 19849
1297	14989
1299	14523 14901 14963 14995 14995 15001 15054 15121 15499 15530 15911 15911 15911 15911 15913 15913 15916 16180 16180 16464 16464 16560 16560 16685 16701 16701 16701 16701 16724 16724 16840 16896 17179 17179 17204 17244 17244 17368 17424 17424 17497 17563 17569 17718 19207
1300	14649 15910 15910
1301	14329 14649 14649 14920 15107 15911 16304 16724 16901 17664 17681 17702 17728
1302	14903 15031 15198 15530 16303
1303	15445
1304	16664
1305	16542
1306	17151
1307	15123 15132 15132 15132 15132 16771 17671
1308	15234 15239 15329 15330 15341 15352 19460 19577 19698
1309	16701
1310	17289
1311	16701
1312	16701
1313	16701
1314	16701
1315	15599
1316	14753 15493 15493 15493 15493 15493 15493 15493 15493 15493 15494 15494 15495 15495 15495 15495
1317	15493 15494 15495
1318	15031
1319	16833
1320	15911 16724 16724 16724 16724
1321	14649 15001 15031 15080 15121 15121 15469 15479 15505 15542 15582 15911 16090 16464 16578 16701 16701 16701 16701 16701 16701 16724 16740 16901 19173
1322	15080 15086 15918 15918 16643 17353 17468 17728 17728
1323	14920 15173 15582 15911 15911 15911 15911 16156 16262 16833 17155 17525
1324	14963 15291 15292 15582 15911 16348 16380 16603 16724 16724 16788 16962 16974 17199 17473 17598 17630 18380
1325	15010 15911 15911
1326	14920 15582 15911 15911 16701 16701
1327	16274
1328	15582
1329	15582
1331	15582
1332	19173
1333	15031 15031 15031 15031 15031
1334	14166 14268 14336 14352 14387 14505 14609 14679 14707 14846 14887 14898 14899 14929 15121 15143 15143 15188 15189 15204 15211 15284 15530 15532 15553 15582 15582 15582 15582 15582 15582 15605 15911 15911 15911 15911 15911 15911 15911 15912 15912 15912 15919 16149 16196 16218 16227 16259 16280 16284 16312 16333 16334 16449 16450 16451 16453 16454 16455 16457 16459 16461 16525 16602 16604 16605 16622 16631 16632 16639 16641 16649 16701 16701 16701 16701 16717 16724 16724 16724 16724 16724 16736 16744 16745 16828 16831 16897 16897 17138 17151 17171 17235 17246 17255 17257 17342 17369 17372 17397 17400 17432 17433 17438 17460 17479 17575 17578 17624 17702 17702 17728 17730 18076 19098 19149 19202 19207 19853
1336	14989 14999 15001 15003 15003 15015 15031 15080 15121 15190 15368 15504 15522 15522 15530 15582 15586 15911 15913 15915 15916 15916 15929 16181 16284 16284 16289 16294 16458 16640 16685 16685 16701 16701 16724 16724 16724 16794 16833 16833 17101 17101 17231 17231 17236 17236 17244 17244 17244 17594 17701 17702 17729 19173 19173 19173 19173 19848 19851 19851
1337	16170
1338	17185
1339	15582
1340	15530
1341	14963 15121 15373 15470 15582 15588 15601 15911 15911 15911 15911 16529 16534 16685 17594
1342	14209 14210 14856 14951 15582 17211
1343	14634 15582 15911
1344	14915 15164 16735 16735 16789 17007 17007
1345	19239 19379 19404 19461 19817
1346	15602
1347	15010 17244 17488 19207
1348	15582
1351	15911 17006
1352	15080 17101 17637 17641 17644 17645 17650 17653 17654 17655 17656 17660 17728 19523 19526 19715
1353	14226 14230 14289 14354 14365 14393 14490 14506 14601 14619 14634 14649 14649 14667 14784 14850 14889 14897 14910 14911 14917 14917 14920 14920 14954 14969 14980 14985 14986 14989 14989 14989 14989 14999 15000 15001 15001 15001 15001 15001 15001 15001 15001 15003 15003 15003 15011 15016 15024 15031 15031 15031 15031 15031 15044 15049 15077 15080 15087 15105 15112 15121 15121 15121 15121 15122 15127 15127 15127 15133 15133 15143 15143 15173 15187 15223 15282 15322 15359 15361 15362 15366 15452 15454 15473 15480 15503 15522 15522 15530 15530 15530 15530 15530 15530 15531 15550 15552 15554 15555 15561 15582 15582 15582 15582 15582 15582 15582 15582 15582 15582 15586 15593 15601 15601 15601 15910 15910 15911 15911 15911 15911 15911 15911 15911 15911 15911 15911 15911 15911 15911 15911 15911 15911 15911 15913 15913 15913 15913 15913 15913 15913 15913 15913 15916 15917 15917 15918 15922 15926 15929 15929 15929 15929 15929 15929 15929 15929 15929 15929 15929 15929 15929 15929 15929 15929 15929 15929 15929 15929 15929 15929 15929 15929 15929 15929 15929 15929 15932 15933 15938 15938 15944 16095 16104 16104 16104 16119 16121 16121 16121 16124 16149 16150 16156 16172 16176 16203 16219 16245 16261 16269 16288 16302 16302 16329 16329 16440 16440 16458 16462 16464 16469 16472 16505 16507 16520 16520 16564 16564 16564 16569 16572 16573 16575 16576 16576 16585 16588 16594 16599 16620 16627 16657 16662 16701 16701 16701 16701 16701 16701 16701 16701 16701 16701 16701 16701 16701 16701 16701 16701 16701 16701 16701 16701 16701 16701 16701 16701 16701 16701 16709 16712 16718 16722 16724 16724 16724 16724 16724 16724 16724 16724 16724 16724 16729 16729 16729 16742 16752 16764 16794 16833 16833 16833 16833 16840 16843 16860 16861 16883 16896 16901 16901 16901 17003 17111 17112 17113 17114 17115 17116 17117 17119 17120 17122 17123 17124 17125 17126 17127 17128 17135 17135 17151 17151 17151 17155 17156 17161 17164 17170 17174 17215 17217 17225 17226 17237 17237 17244 17244 17244 17244 17244 17252 17266 17328 17352 17354 17361 17374 17413 17461 17504 17504 17516 17527 17533 17546 17562 17563 17563 17566 17568 17572 17572 17574 17577 17577 17587 17594 17594 17594 17597 17605 17608 17630 17630 17691 17691 17700 17700 17702 17702 17713 17725 17728 17728 17728 17730 17798 17798 17928 17947 18554 19053 19173 19173 19173 19173 19173 19173 19173 19173 19173 19173 19179 19181 19184 19187 19194 19205 19206 19207 19207 19207 19207 19207 19236 19535 19540 19585 19650 19810 19848 19848 19850 19851 19851 19865 19873 19873 19873 19875
1354	14258 14278 14280 14416 14462 14520 14572 14576 14580 14803 14869 15203 15205 15206 15207 15208 15209 15212 15471 15591 16105 16129 16168 16169 16200 16220 16248 16270 16289 16299 16346 16367 16369 16374 17555 17568 17577 17593 17717 17722 19848
1355	16724 16736
1356	16701
1357	16464
1358	15548 15585 15909 15913 16378 16613 16724 16753
1359	16701
1360	16701 16833 17270
1361	18257
1362	17244
1363	15445 16279
1364	14318 15201 15202 16583 16750 16845
1365	14931 14931 15143 15143 15589 15589 15590 15590 15590 15591 15591 15927 15927 15928 16724 16724 16833 16833 16833 17262 17728 17728 17729
1366	15582
1367	16190 16300 17379
1368	16701
1369	15582
1370	15582
1371	15530 19852
1373	14906 18559 19049
1375	17173 19173
1376	16770
1377	17840
1378	15058 15174
1379	16833
1380	16411
1381	14915
1382	16197
1384	15582
1385	14999 14999 15530 17007
1386	14832 15093 15101 16244 16350 16425 16743 16833 17367 17456
1387	15582
1388	15031 15031 15031 15031 15031 15031 15031 15031 15037
1389	15031
1390	15001 15003 15077 17682 17728
1391	16701 16736
1392	17132 17132
1393	17672
1394	14901 15582
1395	15373 15530 15582 15604 15604 15604 15605 15605 15911 16104 16701 16701 16701 16724 17244 17300 17301
1397	17622
1398	16833
1399	16701
1400	19207 19207
1402	15155 15470 16534
1403	15001 15031 15582 15911 15911 15911 15911 15911 15911 15916 16345 16610 16701 16701 16749 16787 16833 17330 17330 17480 17597 19821
1404	19064
1405	17286 17286 17286 17286
1406	15911
1407	15031 15031 15530 15530 15911 15912 16833 17756 17756 17804 19170
1408	15155 15911
1410	17288
1411	15453
1412	19173
1413	14431 14714 14981 15345 15582 15582 15582 15582 15582 15582 15582 15911 15911 15911 15911 15929 15929 15929 15929 15929 15929 15938 16152 16511 16515 16574 16574 16596 16701 16701 16701 16724 16764 16764 16785 16995 17513 17668 17798 17938 17940 19173 19173 19173 19323 19829
1414	14887 15530 15911 15911 15911 15929 16701 16724
1415	15906 16724
1416	14747
1417	15530
1418	15474
1419	14242 14331 14334 14415 14464 14526 14638 14638 14649 14649 14649 14649 14928 14939 14941 14989 14996 15001 15057 15088 15121 15121 15121 15143 15162 15173 15192 15365 15479 15512 15530 15530 15582 15582 15910 15911 15911 15911 15911 15911 15939 16104 16128 16146 16166 16183 16187 16187 16212 16229 16252 16340 16381 16386 16464 16464 16606 16609 16616 16621 16648 16684 16684 16701 16701 16701 16701 16701 16724 16724 16736 16753 16793 16876 16881 16901 17103 17155 17190 17221 17264 17332 17335 17351 17358 17359 17385 17386 17389 17435 17436 17444 17446 17451 17464 17476 17476 17518 17556 17604 17728 17899 17905 18551 19082 19185 19339 19349 19727 19861 19876
1420	14216 14443 14500 14618 14649 14649 14675 14920 14920 14929 14989 14994 15001 15003 15003 15031 15031 15031 15031 15031 15031 15077 15143 15344 15373 15375 15474 15474 15479 15479 15530 15565 15582 15582 15582 15582 15582 15582 15582 15582 15582 15582 15911 15911 15911 15911 15911 15911 15911 15911 15911 15911 15911 15913 15913 15913 15941 16104 16127 16165 16184 16232 16295 16295 16335 16423 16437 16506 16513 16568 16626 16656 16673 16674 16675 16676 16677 16678 16679 16680 16681 16682 16683 16685 16701 16701 16701 16701 16701 16701 16701 16701 16701 16701 16701 16701 16701 16701 16701 16701 16704 16724 16724 16724 16724 16724 16724 16724 16736 16752 16758 16835 17005 17151 17158 17161 17215 17215 17245 17266 17268 17300 17301 17521 17531 17578 17587 17587 17594 17630 17630 17681 17700 17700 17798 17938 19042 19173 19173 19173 19192 19850 19875
1421	14664 15003 15911 15911 15911 16701 17728
1422	14255 15001 15003 15029 15195 16145 16287 16287 16356 16724 16901 16901 17244 17244 17292 17316 17343 17348 17388 17396 17437 17518 17563 17563 17587 17587 17587 17666 17728
1424	16701 17244
1425	14918 14919
1426	15155 15155 15530 15530 15530 17244 17244 17576 17631 17756 17804 19170
1427	16267
1428	16155
1429	14843
1430	14799 15152 15152 15152 16264 16282 16400 16401 16857 16889 19621
1431	14358 14499 14641 14642 14653 14756 14901 14901 14929 14929 14952 14989 15001 15010 15031 15031 15031 15031 15031 15031 15034 15080 15080 15080 15080 15080 15080 15080 15080 15095 15121 15500 15500 15530 15567 15582 15582 15582 15582 15582 15582 15911 15911 15911 15911 15911 15912 15912 15913 15916 15918 15919 15929 16167 16194 16259 16294 16294 16298 16464 16548 16549 16550 16630 16690 16691 16701 16701 16701 16701 16701 16701 16719 16724 16724 16724 16724 16734 16744 16744 16833 16833 16833 16836 17163 17200 17222 17244 17246 17315 17319 17333 17339 17357 17382 17414 17470 17571 17594 17594 17601 17700 17703 17708 17712 17723 17728 17728 17728 17728 17730 17793 17795 19131 19131 19207 19207 19237 19238 19242 19285 19451 19685 19809
1433	14680 14787 14909 15184 15530 16192 17201 17244 17578 17579 18203
1434	15530 16701 17312
1435	15378 15582
1436	15001 15031 15031 15582 15582 15582 15911
1437	16742 16767
1438	14213 14246 14920 14920 14920 14920 14986 15012 15031 15031 15031 15031 15031 15031 15031 15031 15042 15071 15113 15530 15530 15530 15530 15530 15582 15582 15582 15582 15582 15911 15912 15918 15937 15949 16121 16121 16121 16121 16121 16142 16223 16223 16229 16319 16464 16464 16470 16701 16701 16701 16701 16701 16701 16701 16701 16719 16724 16726 16729 16729 16729 16729 16729 16840 16840 17006 17140 17244 17267 17269 17366 17434 17458 17467 17493 17493 17493 17576 17587 17594 17594 17594 17594 17594 17607 17672 17756 17804 19170 19173 19173 19173 19203 19207
1439	15031
1440	15582 15582 15582 16724 16724 16897 16897
1441	14931 16644 16716
1442	16724
1443	14929 17480 17664 19207
1444	15152
1445	15031 16526
1447	16184
1448	15582
1449	15001 15022 15059 15074 15115 15167 15456 15530 15582 15582 15911 16125 16701 16701 16701 16701 16701 16701 16701 16724 16803 17136 17151 17169 17244 17331 17600 17702 17728 19173 19864
1450	15906 15937 17580
1452	14211 16249 16742 17180 19173 19854
1453	14169 14170 14171 14172 14173 14174 14175 14176 14177 14178 14179 14180 14181 14182 14183 14184 14185 14186 14187 14188 14189 14190 14191 14192 14193 14194 14195 14196 14197 14198 14199 14200 14201 14202 14203 14204 17016 17017 17018 17019 17020 17021 17022 17023 17024 17025 17026 17027 17028 17029 17030 17031 17032 17033 17034 17035 17036 17037 17038 17039 17040 17041 17042 17043 17044 17045 17046 17047 17048 17049 17050 17051 17052 17053 17054 17055 17056 17057 17058 17059 17060 17061 17062 17063 17064 17065 17066 17067 17068 17069 17070 17071 17072 17073 17074 17075 17076 17077 17078 17079 17080 17081 17082 17083 17084 17085 17086 17087 17088 17089 17090 17091 17092 17093 17094 17095 17096 17097 17098 17099 17100 19218 19263 19320 19321 19396 19567 19594 19600 19602 19635 19639 19648 19658 19709
1454	16724 17575
1455	15031 16724 19206
1456	16742 16767
1457	15003 15003 15155
1458	15582
1459	14884 14983 15031 15031 15031 15031 15219 15220 15221 15233 15240 15243 15246 15257 15280 15331 15340 15346 15354 15355 15357 15358 15364 15931 16104 16731 16735 16736 16736 16736 16736 16736 16789 16802 18258 19051 19173 19282 19290 19302 19441 19484 19625 19716 19736
1460	16891 17004
1461	16742
1462	15163
1463	17180
1464	14637 14640 14654 14842 14844 14885 14888 14890 14893 14902 14922 14926 14927 14938 14948 14949 14953 14955 14962 14970 14998 15018 15019 15053 15064 15065 15066 15067 15109 15111 15134 15141 15145 15166 15175 15177 15196 15199 15200 15374 15376 15377 15382 15383 15449 15450 15451 15462 15472 15478 15489 15501 15502 15520 15537 15545 15548 15557 15563 15564 15566 15571 15572 15578 15579 15610 15923 15934 15935 15936 15940 15942 15945 15946 15947 15948 16088 16089 16110 16112 16138 16139 16667 16672 16688 16689 16698 16711 16714 16774 16777 16781 16795 16799 16838 16844 16902 17008 17009 17015 17106 17131 17175 17176 17177 17182 17183 17189 17192 17193 17194 17196 17203 17210 17228 17240 17261 17481 17482 17483 17490 17503 17510 17517 17534 17535 17537 17538 17539 17540 17541 17550 17559 17583 17609 17615 17634 17636 17638 17639 17640 17669 17684 17685 17705 17715 17719 17739 19183 19198 19201 19867
1465	14537 14620 14649 14881 14995 14995 15001 15001 15031 15031 15031 15031 15031 15498 15499 15530 15582 15910 15911 15911 15929 16132 16132 16164 16164 16164 16164 16164 16180 16234 16234 16318 16318 16347 16433 16464 16508 16508 16598 16598 16647 16650 16701 16701 16701 16701 16724 16804 16810 16833 16833 16840 16901 17159 17244 17428 17428 17478 19207
1466	16840
1467	14661 15575 15582 15582 15582 15938 15938 16103 16184 16724 19206 19206 19206
1468	15056 16738
1469	15031
1470	14753 15162 16736 16736 16841
1471	15582
1472	15084 15460 15475 16099 17831 19828
1473	14166 14407 14652 14662 14923 14979 14986 14987 14987 15040 15126 15133 15140 15483 15523 15530 15575 15582 15586 15586 15911 16182 16701 16701 16701 16701 16701 16724 16724 16742 16742 16796 16797 16798 16798 16815 16815 16830 16831 16831 16908 17134 17140 17563 17569 17569 17579 17724 17727 17789 17805 17806 17808 17813 17824 17827 18162 18220 19062 19112
1474	17528 17711 19207
1475	15493
1476	15031 15031
1477	15031 15031
1479	15162 15162
1480	16467 16512 16783 17391 17810
1482	15476
1483	14272 14293 14350 14411 14496 14571 14571 14639 14642 14649 14649 14653 14653 14894 14920 14924 14929 14939 14954 14965 14966 14972 14995 15001 15003 15003 15031 15031 15031 15031 15031 15045 15052 15076 15116 15127 15160 15369 15479 15481 15482 15499 15499 15526 15530 15530 15530 15530 15530 15530 15531 15533 15549 15550 15551 15558 15577 15582 15582 15586 15586 15604 15604 15910 15910 15911 15911 15911 15911 15911 15911 15911 15911 15913 15914 15916 15916 15916 15916 15938 16086 16087 16102 16104 16121 16132 16152 16153 16156 16156 16164 16164 16164 16164 16171 16180 16180 16184 16187 16223 16223 16223 16223 16223 16223 16233 16233 16236 16258 16260 16284 16287 16331 16354 16362 16381 16390 16390 16458 16464 16464 16464 16537 16564 16576 16579 16643 16648 16661 16685 16685 16701 16701 16701 16701 16701 16701 16701 16701 16701 16701 16701 16701 16701 16701 16701 16701 16701 16724 16724 16724 16729 16736 16736 16753 16753 16758 16792 16792 16794 16799 16833 16833 16833 16833 16833 16833 16833 16833 16840 16840 17135 17135 17135 17158 17159 17209 17244 17244 17244 17244 17244 17264 17297 17421 17436 17441 17448 17497 17497 17502 17530 17563 17563 17563 17563 17566 17566 17568 17569 17572 17578 17587 17594 17594 17611 17623 17681 17701 17702 17710 17710 17723 17723 17728 17728 17728 17728 17730 17800 18034 18034 18107 19101 19101 19173 19173 19173 19207 19207 19207 19207 19207 19207 19207 19207 19227 19260 19580 19580 19835 19851 19869 19874
1484	14931 14931 15582 17565 17736
1485	14608 15001 15001 15003 15003 15047 15490 15498 15521 15521 15573 15582 15582 15592 15592 15911 15911 15911 15911 15911 16221 16221 16701 16701 16724 16724 16833 16833 17168 17586 17728 17728 19173 19173 19173 19173 19173 19314 19317 19820
1486	15062 15063 15105 15530 15530 15582 15911 16100 16101 16724 16724 17129 17163 17195 17694 17802 19179
1487	15127
1488	14168 14233 14326 14405 14713 14896 14920 14924 14924 14932 14989 14989 15000 15001 15001 15003 15031 15031 15127 15127 15187 15187 15445 15445 15479 15488 15497 15497 15530 15582 15582 15582 15582 15605 15606 15607 15910 15911 15911 15911 15911 15911 15913 15913 15916 15916 15929 15929 15929 15929 16113 16133 16148 16243 16564 16587 16661 16685 16701 16701 16701 16701 16701 16701 16701 16701 16701 16701 16701 16701 16701 16701 16701 16701 16704 16724 16724 16724 16727 16750 16754 16754 16800 16833 16833 16843 17129 17135 17139 17151 17244 17244 17495 17563 17566 17566 17587 17590 17728 17728 17728 17728 17728 17728 17730 17730 19101 19173 19173 19207 19207 19207 19848
1489	14216 14500 14500 14500 14550 14649 14753 14894 14915 14929 14929 14929 14984 15001 15003 15030 15031 15031 15051 15051 15080 15096 15135 15170 15178 15371 15465 15527 15530 15530 15530 15582 15582 15582 15582 15582 15582 15582 15586 15609 15911 15911 15911 15911 15911 15911 15911 15911 15911 15911 15911 15911 15911 15911 15911 15911 15911 15915 15916 16144 16183 16188 16209 16273 16371 16464 16601 16608 16685 16701 16701 16701 16701 16701 16701 16701 16701 16701 16701 16724 16724 16724 16724 16736 16752 16760 16762 16775 16775 16815 16833 16833 16833 16843 16990 17110 17239 17244 17244 17244 17260 17323 17350 17401 17405 17431 17439 17459 17569 17572 17587 17592 17594 17594 17597 17597 17597 17627 17629 17697 17728 19131 19173 19173 19173 19173 19173 19173 19173 19207 19207 19207 19207 19823 19824 19825 19826 19851 19862
1490	16701
1492	14641 15001 15001 15003 15003 15003 15003 15051 15077 15154 15170 15194 15582 15586 15911 15911 15929 16701 16724 16724 17145 17253 17406 17626 17627 17627 17628 17628 19851 19851
1493	14479 14501 14542 14649 14680 14851 14989 15001 15010 15031 15031 15080 15121 15139 15155 15526 15530 15530 15550 15582 15910 15911 15911 15911 15911 15911 15911 15913 15913 15913 15913 15913 15929 15929 15953 15954 15955 15956 15957 15958 15959 15959 15960 15961 15961 15962 15962 15963 15964 15965 15966 15967 15967 15968 15968 15969 15970 15971 15972 15973 15973 15974 15975 15975 15976 15977 15977 15978 15979 15980 15981 15982 15983 15984 15985 15986 15987 15988 15988 15989 15989 15990 15990 15991 15992 15992 15993 15994 15995 15995 15996 15997 15997 15998 15998 15999 16000 16001 16002 16003 16003 16004 16005 16005 16006 16007 16007 16008 16009 16010 16010 16011 16011 16012 16013 16014 16015 16015 16016 16017 16017 16018 16019 16020 16021 16021 16022 16023 16024 16024 16025 16026 16026 16027 16027 16028 16029 16030 16031 16032 16032 16033 16034 16034 16035 16035 16036 16037 16038 16038 16039 16039 16040 16040 16041 16042 16043 16043 16044 16045 16046 16047 16048 16049 16049 16050 16051 16052 16053 16054 16055 16056 16057 16058 16059 16060 16061 16062 16062 16063 16064 16065 16066 16067 16067 16068 16069 16070 16071 16071 16072 16072 16073 16074 16074 16075 16076 16076 16077 16078 16079 16080 16081 16082 16083 16086 16106 16156 16223 16371 16389 16438 16463 16464 16464 16464 16464 16464 16551 16552 16553 16554 16555 16556 16564 16623 16701 16701 16701 16701 16701 16701 16701 16701 16701 16724 16724 16833 16896 17012 17244 17244 17244 17244 17244 17244 17568 17594 17728 17728 17803 18150 19173 19173 19173 19173 19206 19207 19207 19207 19240 19845 19855
1494	15911 16701
1495	14601 14649 14649 14967 15091 15129 15481 15582 15911 15911 15912 15913 16170 16185 16223 16225 16444 16646 16701 16701 16701 16707 16753 16763 17212 17213 17244 17381 17469 17474 17474 17730 19173 19863
1496	16724
1497	15128
1499	14344 14685 14793 14883 14920 14920 14920 14920 14920 15015 15136 15343 15534 15582 15587 15911 15911 15911 15913 15929 16325 16464 16530 16536 16545 16547 16660 16701 16724 16805 16809 16811 16814 16814 16814 16833 16858 16873 16884 17002 17234 17235 17235 17236 17236 17236 17236 17236 17236 17236 17244 17566 17647 17707 18445 18463 19041 19166 19472 19818
1500	14234 14663 14891 15172 15582 15911 15911 15911 16309 16309 16368 16701 16701 16701 16701 16713 16757 16833 16833 17145 17185 17298 17318 17376 17395 17398 17429 17443 17506 17563 17563 17732 19176 19177
1501	14929
1502	15913
1503	15031 15031 15031 17197
1504	15031
1505	15575 16724
1506	15470 16534
1507	15582
1508	15003 15528 15582 15911 16701 16724 16724 16724 16724 16724
1509	16724 16724
1510	17244
1511	15031 15031 15035
1512	15582 16625
1513	16408 17529
1514	14390 14434 14672 14845 15530 16376 16783 19693
1515	15582
1516	17286
1517	16275
1518	14163 15582 16085 16085 16085 16085 16085 16768 16898 17567 17567
1519	17631
1520	15046 15492 15582 15911 16519 16701 17594 17594 17728 17762 19831
1521	15031 15031
1522	16701
1523	17545
1524	16701 16701 16701
1525	14999 15031 15031 15031 15031 15031 15031 15043 15090 15090 15530 15582 15938 16259 16658 16701 16701 16724 17145 17145 17145 17145 17145 17145 17145 17145 17151 17151 17151 17163 17163 17163 17163 17163 17163 17163 17165 17165 17222 17222 17222 17222 17237 17505 17666
1527	14298 14901 14956 14989 14999 14999 14999 14999 14999 14999 14999 15003 15031 15031 15031 15031 15031 15031 15031 15089 15090 15127 15127 15173 15173 15190 15210 15454 15479 15508 15509 15509 15530 15530 15530 15530 15530 15530 15530 15530 15530 15582 15582 15594 15911 15911 15911 15911 15911 15911 15911 15911 15911 15911 15911 15913 15913 15929 15938 16104 16259 16288 16316 16443 16458 16458 16543 16633 16670 16701 16701 16701 16701 16701 16701 16701 16701 16701 16701 16701 16720 16724 16724 16724 16724 16736 16833 16833 17145 17145 17145 17145 17145 17145 17145 17145 17145 17145 17145 17145 17145 17145 17145 17145 17145 17145 17145 17145 17145 17145 17145 17145 17145 17145 17145 17145 17145 17145 17145 17151 17151 17151 17151 17151 17151 17151 17151 17151 17151 17151 17151 17151 17151 17152 17152 17153 17154 17155 17155 17155 17157 17158 17159 17160 17163 17163 17163 17163 17163 17163 17163 17163 17163 17163 17163 17163 17163 17163 17163 17163 17163 17163 17166 17202 17205 17218 17219 17220 17222 17222 17222 17222 17222 17222 17222 17223 17237 17244 17244 17244 17244 17244 17244 17300 17301 17505 17505 17505 17505 17505 17505 17505 17505 17558 17563 17563 17576 17584 17594 17594 17597 17597 17597 17617 17642 17646 17648 17649 17657 17658 17666 17670 17700 17710 17710 17710 17728 17938 19144 19173 19173 19173 19173 19173 19173 19173 19173 19173 19199 19207 19207 19207 19442 19548 19586 19637 19851
1528	15031 19173
1529	15558 15558
1530	15906 17220 17220 17220 17220 17232 17232
1531	15499 16635 16665 17186 17563
1532	17698
1534	16724
1536	16833 17285 17728
1537	15911 17244
1538	14759 14769 14989 15001 15001 15080 15120 15121 15121 15121 15127 15179 15190 15522 15530 15539 15582 15911 15911 15911 15911 15911 15911 15911 15911 16104 16126 16184 16239 16259 16398 16464 16512 16625 16701 16701 16701 16701 16818 16819 16826 16829 16901 17135 17237 17244 17244 17259 17380 17494 17582 17631 17662 17709 17728 17849 18316 18597 18622 19173 19173 19173 19173 19833
1539	14284 14975 15003 15121 15143 15173 16239 16504 16514 16517 16518 16523 16524 16528 16535 16582 16586 16590 16593 16645 16701 16701 16701 16724 16778 16815 16885 16934 17135 17155 17557 17594 17728 19859
1540	16701 16701 16701 16701 17587
1541	14920 14920 14931 15001 15911 16701 16701 16724 16724
1542	14788 15137 15214 15360 16797 17003 17269 17269 19838
1543	14964 15269 15477 15582 15911 15911 16671 16701 17472 17573 18547 19173 19851 19851
1544	19186
1545	14986
1547	14257 14866 14916 15911 16226 17341 17349 17392 17403 17422 17457
1548	15152
1549	14715 14931 15128 15128 15128 15128 15128 15128 15128 15128 15151 15151 15151 15152 15152 15152 15152 15152 15152 15152 15152 15152 15152 15158 15590 15591 16158 16669 16736 16736 17704
1550	15048 15050
1551	14237 14479 14699 14880 14931 15457 15925 16104 16701 16736 16833 17477 19082
1552	15285 15326
1553	15060
1554	15582 15582 16730
1555	16854 16855 16871 16886 17661
1556	14361 15114 15937 16178 16418 16595 16806 16808 17651
1557	15173 16250 16733 17155
1558	15913 15913
1559	15080 15911
1560	16584 17498 17498 17498 17498
1561	14907 14907 14907 14907 14907 14907 14907 14907
1562	15162
1563	15911
1564	14601 14601 14929 14943 14963 14995 14995 14999 15003 15003 15003 15031 15260 15380 15380 15498 15582 15582 15582 15910 15911 15911 15911 15911 15911 15911 15911 15911 15911 15911 16255 16294 16294 16305 16330 16336 16603 16637 16701 16701 16701 16701 16833 17151 17180 17207 17266 17587 17587 17587 17588 17589 17594 17594 17594 17594 17594 17681 17681 17728 17728 17730 18409 19173 19173 19173 19763 19848
1565	14205 14206 14207 14208 14215 14215 14230 14249 14460 14490 14500 14500 14500 14527 14549 14575 14577 14582 14584 14613 14649 14649 14650 14653 14653 14655 14656 14657 14658 14659 14660 14668 14708 14754 14760 14832 14836 14849 14867 14873 14873 14908 14920 14924 14933 14934 14935 14939 14973 14974 14986 14986 14986 14989 14989 14995 14995 14999 15000 15001 15001 15001 15001 15001 15001 15001 15001 15001 15003 15003 15003 15003 15031 15031 15031 15031 15047 15080 15080 15080 15104 15106 15121 15121 15121 15121 15121 15121 15121 15121 15121 15121 15127 15127 15127 15131 15154 15165 15179 15182 15186 15190 15370 15379 15479 15480 15480 15480 15480 15481 15517 15518 15518 15526 15526 15527 15527 15527 15529 15529 15529 15529 15530 15530 15530 15530 15530 15530 15530 15530 15540 15540 15544 15544 15550 15550 15550 15550 15550 15550 15550 15564 15568 15580 15581 15582 15582 15582 15582 15582 15582 15582 15582 15582 15582 15582 15582 15582 15582 15582 15582 15582 15582 15582 15582 15582 15582 15582 15582 15582 15586 15586 15587 15605 15905 15910 15911 15911 15911 15911 15911 15911 15911 15911 15911 15911 15911 15911 15911 15911 15911 15911 15911 15911 15911 15911 15911 15911 15911 15911 15911 15911 15911 15911 15913 15913 15913 15913 15913 15913 15916 15916 15917 15918 15929 15929 15929 15929 15929 15951 16084 16104 16115 16118 16130 16130 16132 16143 16156 16156 16156 16196 16210 16221 16223 16223 16223 16225 16243 16252 16262 16262 16265 16278 16294 16305 16316 16357 16371 16383 16427 16452 16452 16458 16464 16464 16510 16522 16538 16564 16564 16564 16564 16597 16615 16624 16628 16650 16651 16663 16692 16693 16694 16695 16696 16701 16701 16701 16701 16701 16701 16701 16701 16701 16701 16701 16701 16701 16701 16701 16702 16702 16703 16710 16710 16719 16724 16724 16724 16724 16724 16724 16724 16736 16736 16753 16758 16758 16784 16790 16791 16801 16828 16833 16833 16833 16833 16901 17105 17135 17135 17151 17151 17151 17164 17222 17229 17237 17237 17237 17244 17244 17244 17244 17244 17244 17244 17244 17244 17244 17248 17266 17268 17270 17317 17327 17334 17394 17410 17411 17475 17487 17518 17520 17523 17542 17544 17556 17563 17566 17567 17568 17569 17572 17576 17576 17577 17578 17579 17587 17594 17594 17594 17610 17614 17616 17616 17616 17619 17635 17635 17664 17681 17681 17681 17681 17695 17706 17714 17728 17728 17728 17728 17730 17730 17730 17801 17938 18150 18468 19130 19173 19173 19173 19173 19173 19173 19173 19173 19173 19173 19173 19173 19173 19173 19173 19173 19173 19173 19196 19197 19206 19207 19207 19259 19650 19829 19848 19851 19851 19851 19851 19854 19857
1566	14997 16456 17664
1567	15031 15031 15031 15031 15031 15032 15033
1568	15031
1569	16736
1570	16725 16745 17587
1571	14778 16434 16701 16833 18046
1572	17711
1573	15530
1575	16701 16833
1576	14643 16436 16708 19173
1577	14943 17664
1578	16724 17594 19207
1579	15099 15604 15604 15604 16611 17387 17449
1581	15937
1582	14649 15031 15454 15530 15582 15582 15582 15911 15911 16164 16164 16614 16701 16701 16701 17135 17236 17236 17244 19173
1583	14265 14463 14487 15000 15070 15080 15098 15108 15193 15530 15534 15586 16158 16159 16564 16833 16834 16964 17231 17258 17375 17462 17989 19720 19856
1584	14989 16123 16769 16833 17338 17507
1585	16701
1586	15014
1587	14929 15470 16521 16534 16589 16589 16701 16701
1588	14649 15061 15121 15913 16223 16336 16344 16508 16539 16701 16701 16724 16724 16840 17161 17612 19173 19173
1589	15558 15930
1590	15031 15121 15127 15929 16701 16713 17269 17566
1592	15298 15911 16277 16464 16701 16886 17158 17643 19165 19822
1593	15582
1594	14485 15020 15021 16755
1595	17135
1596	15938 16724 16848 17244
1597	14920
1598	15026 15031 15031 15031 15031 15031 15031 15031 15031 15031 15039 15530 16158 16323 16519 16891 17172 17244 17244 17583 17831
1599	15499 15582 15937
1601	16701 16701 16701 17597 17597
1602	16701 16701
1603	15916 16701 17010 17118 17140 17265
1604	17680
1605	17680
1606	15143
1607	15484 17548 17759
1608	16701 16724
1609	16197 16197
